var tiles = [];
var board = [];
var blocked_tiles = new Array(0, 2, 3, 11, 12, 13, 20, 21, 22, 24, 25, 26, 28, 30, 31, 34, 36, 37, 38, 39, 40, 41, 42, 43, 44, 45, 47, 48, 49, 50, 51, 52, 53, 54, 55, 56, 58, 59, 60, 61, 62, 63, 67, 69, 70, 71, 72, 73, 74, 75, 76, 77, 78, 80, 81, 83, 85, 87, 90, 91, 100, 101, 103, 104, 105, 106, 107, 108, 109, 110, 113, 115, 116, 117, 118, 121, 123, 124, 125, 128, 131, 132, 133, 135, 138, 139, 140, 141, 142, 143, 144, 145, 146, 147, 148, 149, 150, 151, 154, 157, 158, 167, 168, 169, 170, 171, 172, 173, 179, 181, 182, 183, 184, 185, 186, 187, 188, 189, 190, 191, 194, 200, 210, 224, 225, 226, 233, 234, 235, 236, 237, 243, 244, 245, 246, 247, 250, 251, 252, 253, 254, 255, 256, 257, 258, 259, 260, 261, 262, 263, 264, 265, 266, 267, 268, 270, 279, 282, 284, 287, 288, 289, 292, 293, 294, 295, 296, 297, 298, 299, 300, 301, 302, 303, 304, 305, 306, 307, 308, 309, 310, 311, 312, 314, 315, 316, 317, 324, 325, 326, 327, 328, 329, 330, 331, 332, 333, 334, 336, 337, 338, 339, 340, 341, 342, 343, 344, 345, 347, 348, 
349, 350, 351, 352, 353, 354, 355, 356, 367, 369, 370, 371, 372, 373, 374, 375, 376, 377, 378, 380, 381, 382, 383, 384, 385, 386, 387, 388, 389, 391 , 392 , 393 , 394 , 395 , 396 , 397 , 398 , 399 , 400 , 401, 403 , 404 , 405 , 406 , 407 , 408 , 409 , 410 , 411 , 412, 414 , 415 , 416 , 417 , 418 , 419 , 420 , 421 , 422 , 423, 425 , 426 , 427, 430 , 431 , 432 , 433 , 434 , 435 , 436 , 437 , 438 , 439 , 440 , 441 , 442 , 443 , 444 , 445 , 446 , 447 , 448 , 449 , 450 , 451 , 452 , 453 , 454 , 455 , 456 , 457 , 458 , 459, 468 , 469 , 470 , 471 , 472 , 473 , 474 , 475 , 476 , 477 , 478, 481 , 482 , 483 , 484 , 485 , 486 , 487 , 488 , 489 , 490 , 491 , 492 , 493 , 494 , 495 , 496 , 497 , 498 , 499 , 500 , 501 , 502 , 503 , 504 , 505 , 506 , 507 , 508 , 509 , 510 , 511 , 512 , 513, 517 , 518 , 519 , 520 , 521 , 522 , 523 , 524, 529, 532 , 533 , 534 , 535 , 536 , 537 , 538 , 539 , 540 , 541 , 542, 545, 546 ,
556, 557, 559 , 560 , 561 , 562 , 563 , 564 , 565 , 566 , 567 , 568 , 569 , 570 , 571 , 572, 575, 577, 581, 582, 587, 590, 591, 592, 596, 598, 599, 600);

var grass_tiles = new Array(1, 174, 175, 227, 238, 239, 576, 580);
// #3AE800

var mountain_tiles = new Array(131, 132, 133, 138, 139, 140, 260, 261, 262, 263, 264, 265, 266, 267, 268, 298, 299, 300, 301, 303, 304, 305, 306, 307, 338, 339, 340, 341, 342, 343, 469);
// #8F8F8F

var grass_blockades = new Array(284, 24, 25, 26, 325, 326, 327, 344, 345, 347, 443, 444, 445, 447, 448, 449);
// #3A8022

var sand_tiles = new Array(4, 23, 54, 55, 56, 58, 59, 60, 240, 241, 242, 377, 378, 380, 381, 382, 383, 384, 385, 386, 514, 515, 516, 518, 525, 526, 527, 528, 530, 531, 534, 535, 538, 543, 544, 573, 595);
// #C2BA46

var wall_tiles = new Array(2, 11, 12, 13, 20, 21, 22, 28, 29, 30, 41, 42, 43, 44, 45, 47, 48, 49, 50, 61, 62, 63, 67, 69, 70, 81, 83, 85, 90, 101, 102, 105, 106, 107, 113, 115, 116, 117, 123, 135, 141, 142, 143, 146, 148, 149, 150, 157, 167, 168, 169, 170, 179, 209, 224, 225, 226, 250, 251, 252, 253, 254, 255, 256, 257, 258, 282, 287, 288, 289, 290, 292, 293, 294, 295, 296, 297, 308, 309, 310, 328, 329, 330, 331, 332, 333, 334, 336, 337, 367, 369, 370, 371, 372, 373, 374, 375, 376, 401, 408, 409, 410, 411, 412, 414, 415, 415, 416, 417, 430, 431, 432, 435, 457, 468, 545, 546, 561, 562, 563, 564, 565, 566, 567, 568, 569, 570, 571, 572, 587);
// #000000

var teleport_tiles = new Array(277, 278, 280, 281, 283, 248, 249, 14, 15, 16, 17, 18, 19, 32, 33, 82, 84, 86, 88, 119, 120, 122, 126, 127, 129, 130, 152, 155, 156, 159, 160, 161, 162, 163, 164, 165, 166, 192, 193, 195, 196, 197, 198, 269, 291, 313, 335, 346, 398, 399, 451, 452, 454, 455, 458, 459, 554, 555, 558, 588, 589, 597);
// #0062FF

var blocked_entrances = new Array(31, 36, 37, 38, 39, 40, 71, 72, 73, 74, 75, 76, 77, 78, 80, 87, 100, 103, 104, 108, 109, 110, 118, 121, 125, 128, 144, 145, 147, 151, 154, 158, 181, 182, 183, 191, 194, 200, 210, 397, 400, 403, 404, 405, 406, 407, 433, 434, 436, 437, 438, 439, 450, 453, 456, 470, 471, 472, 473, 474, 475, 476, 477, 478, 556, 557, 559, 560, 596, 598, 599, 600);
// #204580

var lava_tiles = new Array(51, 52, 53, 5, 6, 7, 8, 9, 10, 68, 94, 95, 96, 97, 98, 99, 201, 202, 203, 204, 205, 206, 207, 208, 211, 230, 231, 232, 271, 272, 273, 274, 275, 276, 357, 358, 359, 360, 361, 362, 363, 364, 365, 366, 368, 379);
// #BA2F2F

var snow_tiles = new Array(111, 112, 114, 134, 136, 137, 177, 178, 180, 212, 213, 214, 215, 216, 463, 464, 465, 466, 467);
// #FFFFFF

var dungeon_tiles = new Array(547, 548, 549, 550, 551, 552, 184, 185, 186, 187, 188, 189, 217, 218, 219, 220, 229, 233, 234, 235, 311, 312, 314, 315, 316, 317, 460, 461, 462, 479, 480, 594);
// #6E6E6E

var wood_tiles = new Array(64, 65, 66, 348, 349, 350, 351, 352, 353, 354, 355, 356, 387, 388, 389, 391, 392, 393, 394, 395, 396);
// #855F1B

var water_tiles = new Array(491, 490, 91, 92, 93, 236, 237, 243, 244, 270, 481, 482, 483, 484, 485, 486, 487, 488, 489, 492, 493, 494, 495, 496, 497, 500, 501, 502, 503, 504, 505, 506, 507, 508, 509, 510, 511, 512, 513, 517, 519, 529, 532, 533, 536, 537, 538, 539, 540, 540, 541, 542, 591, 590, 482, 499);
// #0258B5

var stone_tiles = new Array(27, 35, 228);
// #474747

var farm_tiles = new Array(4, 284, 285, 286, 318, 319, 320, 321, 322, 323, 418, 419, 420, 421, 422, 423, 424, 425, 426, 427, 428, 429, 221, 222, 223, 245, 246, 247, 577, 581, 582, 590, 591, 592, 593)
// #72C29D
